name: battlesnake
channels:
  - conda-forge
  - defaults
dependencies:
  - absl-py=0.2.2=py_0
  - astor=0.6.2=py_0
  - autopep8=1.3.4=py_0
  - bleach=1.5.0=py36_0
  - gast=0.2.0=py_0
  - html5lib=0.9999999=py36_0
  - libprotobuf=3.5.2=0
  - markdown=2.6.11=py_0
  - protobuf=3.5.2=py36_0
  - pycodestyle=2.4.0=py36_0
  - rope=0.10.7=py36_0
  - six=1.11.0=py36_1
  - tensorboard=1.8.0=py36_1
  - tensorflow=1.8.0=py36_1
  - termcolor=1.1.0=py36_1
  - webencodings=0.5.1=py36_0
  - werkzeug=0.14.1=py_0
  - astroid=1.6.4=py36_0
  - ca-certificates=2018.03.07=0
  - certifi=2018.4.16=py36_0
  - cycler=0.10.0=py36hfc81398_0
  - freetype=2.8=h12048fb_1
  - grpcio=1.12.0=py36hd9629dc_0
  - h5py=2.8.0=py36ha8ecd60_0
  - hdf5=1.10.2=hfa1e0ec_1
  - intel-openmp=2018.0.3=0
  - isort=4.3.4=py36_0
  - keras=2.1.6=py36_0
  - kiwisolver=1.0.1=py36h792292d_0
  - lazy-object-proxy=1.3.1=py36h2fbbe47_0
  - libcxx=4.0.1=h579ed51_0
  - libcxxabi=4.0.1=hebd6815_0
  - libedit=3.1.20170329=hb402a30_2
  - libffi=3.2.1=h475c297_4
  - libgfortran=3.0.1=h93005f0_2
  - libopenblas=0.2.20=hdc02c5d_7
  - libpng=1.6.34=he12f830_0
  - libsodium=1.0.16=h3efe00b_0
  - matplotlib=2.2.2=py36ha7267d0_0
  - mccabe=0.6.1=py36hdaeb55d_0
  - mkl=2018.0.3=1
  - ncurses=6.1=h0a44026_0
  - numpy=1.14.3=py36he6379a5_2
  - numpy-base=1.14.3=py36h7ef55bc_1
  - openssl=1.0.2o=h26aff7b_0
  - pep8=1.7.1=py36_0
  - pip=10.0.1=py36_0
  - pylint=1.9.1=py36_0
  - pyparsing=2.2.0=py36hb281f35_0
  - python=3.6.5=hc167b69_1
  - python-dateutil=2.7.3=py36_0
  - pytz=2018.4=py36_0
  - pyyaml=3.12=py36h2ba1e63_1
  - pyzmq=17.0.0=py36h1de35cc_1
  - readline=7.0=hc1231fa_4
  - scipy=1.1.0=py36hcaad992_0
  - setuptools=39.2.0=py36_0
  - sqlite=3.23.1=hf1716c9_0
  - tk=8.6.7=h35a86e2_3
  - tornado=5.0.2=py36_0
  - wheel=0.31.1=py36_0
  - wrapt=1.10.11=py36hc29e774_0
  - xz=5.2.4=h1de35cc_4
  - yaml=0.1.7=hc338f04_2
  - zeromq=4.2.5=h378b8a2_0
  - zlib=1.2.11=hf3cbc9b_2
  - pip:
    - chardet==3.0.4
    - future==0.16.0
    - gym==0.10.5
    - idna==2.6
    - pyglet==1.3.2
    - requests==2.18.4
    - urllib3==1.22
prefix: /usr/local/anaconda3/envs/battlesnake

